600000 浦发银行 日线
      日期	    开盘	    最高	    最低	    收盘	    成交量	    成交额
05/02/2013	9.22	9.31	9.11	9.27	80667825	786928384.000
05/03/2013	9.32	9.62	9.28	9.46	109373480	1097528960.000
05/06/2013	9.48	9.66	9.42	9.58	87865272	888293824.000
05/07/2013	9.54	9.55	9.43	9.51	60095952	603143616.000
05/08/2013	9.57	9.65	9.46	9.50	72153519	728615168.000
05/09/2013	9.51	9.53	9.34	9.42	64667334	644949056.000
05/10/2013	9.38	9.51	9.34	9.48	63127003	630968320.000
05/13/2013	9.47	9.56	9.38	9.47	66994306	670319744.000
05/14/2013	9.48	9.50	9.38	9.42	67348057	671548096.000
05/15/2013	9.43	9.47	9.38	9.44	47275904	471747488.000
05/16/2013	9.44	9.61	9.29	9.60	111647303	1120193792.000
05/17/2013	9.60	9.73	9.50	9.69	122955149	1250713216.000
05/20/2013	9.71	9.99	9.65	9.86	156851179	1632285440.000
05/21/2013	9.83	9.87	9.69	9.79	91775245	946356992.000
05/22/2013	9.78	9.83	9.73	9.81	71207689	734819200.000
05/23/2013	9.74	9.78	9.60	9.60	82484743	845485632.000
05/24/2013	9.65	9.73	9.55	9.65	63230983	644944832.000
05/27/2013	9.66	9.78	9.63	9.74	69546991	714504512.000
05/28/2013	9.75	10.01	9.70	10.00	111377099	1160468736.000
05/29/2013	10.03	10.07	9.96	9.97	91459014	966132032.000
05/30/2013	9.93	10.07	9.92	9.99	89454796	942531008.000
05/31/2013	10.01	10.07	9.91	9.92	101875600	1074952832.000
06/03/2013	9.97	10.01	9.81	9.84	83186090	823621312.000
06/04/2013	9.89	9.89	9.70	9.74	60164557	587136128.000
06/05/2013	9.74	9.77	9.60	9.65	56405768	545296064.000
06/06/2013	9.61	9.67	9.42	9.45	72417597	688813184.000
06/07/2013	9.51	9.57	9.32	9.35	72344081	682011584.000
06/13/2013	9.25	9.25	8.91	9.02	127820275	1152185088.000
06/14/2013	9.07	9.07	8.98	9.02	77530686	699500736.000
06/17/2013	9.05	9.10	8.96	9.01	52039165	469144448.000
06/18/2013	9.05	9.12	9.01	9.07	40358845	365844128.000
06/19/2013	9.05	9.05	8.82	8.89	53104791	473179680.000
06/20/2013	8.86	8.86	8.40	8.42	137571510	1178952704.000
06/21/2013	8.31	8.47	8.22	8.28	147442615	1229287040.000
06/24/2013	8.29	8.29	7.50	7.52	249977361	1942163840.000
06/25/2013	7.45	7.84	7.18	7.80	246601203	1856925568.000
06/26/2013	7.90	7.95	7.63	7.77	130788936	1016856704.000
06/27/2013	7.85	7.92	7.70	7.88	125823284	982597056.000
06/28/2013	7.82	8.30	7.76	8.28	157753950	1276035968.000
07/01/2013	8.22	8.27	8.07	8.17	86027064	702497408.000
07/02/2013	8.18	8.22	7.95	8.15	84019573	677872960.000
07/03/2013	8.10	8.11	7.97	8.04	69690313	560255104.000
07/04/2013	8.06	8.28	8.02	8.12	85794489	697456128.000
07/05/2013	8.11	8.22	8.08	8.11	58764344	477728576.000
07/08/2013	8.00	8.05	7.90	7.91	63977579	508688896.000
07/09/2013	7.92	7.96	7.88	7.92	40964528	324418304.000
07/10/2013	7.95	8.13	7.90	8.11	60829122	488041472.000
07/11/2013	8.17	8.92	8.17	8.86	274152438	2369027072.000
07/12/2013	8.76	8.85	8.43	8.49	162211373	1400965632.000
07/15/2013	8.55	8.71	8.41	8.56	103850924	891216128.000
07/16/2013	8.52	8.55	8.41	8.54	78430472	664317056.000
07/17/2013	8.52	8.55	8.38	8.45	79489709	673336896.000
07/18/2013	8.41	8.45	8.16	8.20	99044377	818192320.000
07/19/2013	8.22	8.24	8.02	8.03	76242268	619426688.000
07/22/2013	7.90	7.99	7.82	7.95	95552055	754153152.000
07/23/2013	7.99	8.23	7.94	8.14	115906521	942643008.000
07/24/2013	8.04	8.09	7.90	8.00	87410550	697536448.000
07/25/2013	8.02	8.11	7.96	8.02	62010839	497968416.000
07/26/2013	7.98	8.01	7.94	7.97	42800503	341110304.000
07/29/2013	7.90	7.90	7.71	7.74	84518514	655293184.000
07/30/2013	7.78	7.96	7.74	7.84	68907635	540970752.000
07/31/2013	7.91	8.02	7.82	7.86	50335414	397874848.000
08/01/2013	7.92	8.02	7.87	7.99	58959381	469433184.000
08/02/2013	8.06	8.12	7.97	7.98	57767151	463891776.000
08/05/2013	7.98	8.07	7.95	8.06	53056118	425459712.000
08/06/2013	8.03	8.08	7.98	8.03	82798496	664260288.000
08/07/2013	8.03	8.14	8.00	8.01	68679917	553785280.000
08/08/2013	8.01	8.07	7.95	7.99	54611350	436833728.000
08/09/2013	8.05	8.08	7.96	8.01	55483572	444645248.000
08/12/2013	8.04	8.32	8.01	8.31	142760853	1171789184.000
08/13/2013	8.30	8.43	8.27	8.42	118672580	991814144.000
08/14/2013	8.44	8.53	8.30	8.31	121903670	1025898624.000
08/15/2013	8.31	8.37	8.20	8.22	67134769	556547136.000
08/16/2013	8.17	9.04	8.15	8.31	264712593	2254296064.000
08/19/2013	8.24	8.50	8.23	8.45	124704778	1044624768.000
08/20/2013	8.42	8.78	8.39	8.51	153605678	1314061952.000
08/21/2013	8.53	8.58	8.37	8.45	65732224	554833024.000
08/22/2013	8.41	8.62	8.40	8.44	60326480	513025408.000
08/23/2013	8.54	8.63	8.25	8.42	117530030	995509248.000
08/26/2013	8.45	8.78	8.40	8.74	161720147	1399048064.000
08/27/2013	8.75	9.05	8.70	8.95	224672933	2001682176.000
08/28/2013	8.88	9.15	8.79	9.00	243574963	2194823936.000
08/29/2013	9.11	9.21	8.86	8.92	146496955	1320039168.000
数据来源:通达信
